1.43646
1.61434
1.62863
1.52947
1.41051
1.40259
1.57990
1.45623
1.63415
1.49034
1.50970
1.47601
1.58616
1.46255
1.98271
1.53586
1.68390
1.47614
1.63495
1.53113
1.43237
1.71626
1.42224
1.43922
1.61043
1.73726
1.44190
1.70924
1.41692
1.68771
1.50695
1.46656
1.48333
1.62756
1.45184
1.62657
1.54754
1.48238
1.44058
1.58302
1.69058
1.45144
1.43923
1.37877
1.43997
1.65972
1.52695
1.50133
1.52298
1.50223
1.55581
1.90727
1.66062
1.45151
1.45878
1.70550
1.75004
1.42702
1.68314
1.42356
1.62237
1.81680
1.41573
1.89615
1.49038
1.42125
1.50928
1.47193
1.66539
1.54989
1.43051
1.52023
1.71001
1.68220
1.67562
1.64128
1.51485
1.58960
1.59164
1.72982
1.60094
1.56579
1.95106
1.59205
1.81908
1.53958
1.81299
1.94457
1.61965
1.74985
1.51988
1.93967
1.65979
1.49916
1.51668
1.68633
1.57342
1.74956
1.64693
1.42184
1.56816
1.58681
1.47303
1.44904
1.66884
1.77521
1.82086
1.57625
1.51912
1.48791
1.46978
1.57314
1.87701
1.62526
1.71597
1.80452
1.58356
1.46828
1.51127
1.73003
1.62849
1.77929
1.56386
1.47654
1.49595
1.83593
1.49542
1.44652
1.55874
1.61889
1.98276
2.03979
1.76563
1.56193
1.49249
1.42261
1.61283
1.60924
1.43236
1.42932
1.42274
1.66746
1.47278
1.63239
1.42273
1.45099
1.73183
1.44442
1.75303
1.87900
1.60888
1.43287
1.41805
1.64030
1.81717
1.49862
1.60757
1.82895
1.87385
1.46655
1.53298
1.58121
1.75663
1.40643
1.74544
1.47360
1.47435
1.45589
1.90098
1.55527
1.72278
1.46039
1.53091
1.41246
2.04259
1.39878
1.56923
1.67038
1.53530
1.66346
1.71671
1.58259
1.47742
1.61780
1.94938
1.45199
1.45956
1.41470
1.51017
1.48803
2.21254
1.50012
1.66572
1.66746
1.41178
1.61067
2.08038
2.06377
1.44441
1.79649
1.84924
1.57187
1.71090
1.55968
1.73954
1.57866
1.46849
1.61788
1.57370
1.52669
1.53185
1.40281
1.43314
1.95828
1.84512
1.54141
1.56893
1.46055
1.56042
1.59456
1.73766
1.56937
1.78003
1.84910
1.74218
1.51765
1.93392
1.51802
1.63124
1.54143
1.50925
1.59222
1.71215
2.09285
1.51258
1.78793
1.93621
1.73559
1.70757
1.80344
1.59101
1.63882
1.56549
1.85177
1.68959
1.48931
1.76368
1.41963
1.82148
1.91870
1.53637
1.53023
1.62588
1.56012
1.47493
1.93816
1.69056
1.59194
1.81246
1.67738
1.51515
1.43398
1.66174
1.80448
1.59592
1.48579
1.73089
1.45167
1.43516
1.76542
1.54458
1.63725
1.80382
1.54757
1.57804
1.42279
1.80976
1.80044
1.46277
1.69655
1.44326
1.69941
1.65335
1.63110
1.79882
1.48590
1.52650
1.92932
1.68195
1.70414
1.40459
1.51815
1.47001
1.78187
1.60648
1.54398
1.86016
1.44465
1.60940
1.92837
1.76343
1.45789
1.76286
1.41467
1.75157
1.51447
1.76413
1.64536
1.66840
1.77386
1.60960
1.62105
1.96904
1.70177
1.56243
1.45095
1.61668
1.64379
1.56601
1.82632
1.49391
1.94191
1.55132
1.53853
1.71053
1.64941
1.74862
1.85091
1.55611
1.75855
1.54957
1.69254
1.76126
1.53030
1.52842
1.48506
1.50571
1.65017
1.57396
1.61587
1.49329
1.46280
1.41823
1.45075
1.64570
1.58154
1.46329
1.55933
1.98833
1.60573
2.07947
1.97074
1.66643
1.49136
1.43829
1.67949
1.71624
1.54101
1.48523
1.88167
1.74447
1.68914
1.55535
1.56275
1.65448
1.49940
1.78457
1.52636
1.48576
1.43778
1.56982
1.90441
1.51358
1.50262
1.54665
1.39870
1.75423
1.42408
1.48372
1.74650
1.56623
1.90886
1.59514
1.65206
1.60341
1.61183
1.47592
1.48510
1.49650
1.70336
1.48088
1.58043
1.53843
1.88236
1.65645
1.77854
1.66201
1.61372
1.72933
1.67282
1.49996
1.65383
1.53022
1.74927
1.73338
1.74855
1.51397
1.61575
1.77835
1.61588
1.73526
1.49144
1.80159
1.61378
1.44303
1.45403
1.54316
1.82976
1.83544
1.63236
1.86511
1.98367
1.61733
2.07548
1.80745
1.55301
1.49933
2.13433
1.78101
1.54932
1.55829
1.71165
1.55876
1.99865
1.72470
1.63081
1.73113
1.68512
1.76037
2.00694
2.10990
1.96744
1.50502
1.45487
2.07698
1.87683
1.71279
1.80143
1.54201
1.90918
1.67376
1.46484
1.64806
1.61265
1.95690
1.51998
1.87973
1.45341
1.61588
1.75666
1.53829
1.61947
1.62931
1.70512
1.41987
1.60160
1.50699
1.68705
1.50475
2.05567
1.52124
1.57446
1.60092
1.41854
1.82428
1.46227
2.05807
1.64047
1.49918
1.89234
1.57078
1.54637
1.62272
1.78780
1.45515
1.87566
1.45829
1.80248
1.81936
2.03019
1.67891
1.48147
1.42240
1.61653
1.59437
2.20538
1.64711
1.72592
1.82305
1.80192
1.60826
1.47798
1.71963
1.45079
1.86621
1.62069
1.42476
1.46935
1.68836
1.55796
1.60991
1.70706
1.78599
1.73300
1.59183
1.82648
1.42212
1.86952
2.08456
1.60927
1.42194
1.51451
1.95194
1.78425
1.53252
1.44987
1.46474
1.68935
1.47612
1.69004
1.81036
2.12211
1.64090
1.68733
1.77422
1.88310
1.65606
1.82693
1.63193
1.66070
1.51258
1.89744
1.54091
1.50991
1.52652
1.66398
1.56695
1.46825
2.16928
1.59103
1.50070
1.52066
1.57055
1.74150
2.10554
1.85764
1.95106
1.73572
1.66997
2.26026
1.84904
1.51901
2.01221
1.68401
1.53049
1.63852
1.90560
1.44422
1.64066
1.81070
1.49611
1.47787
1.60779
1.54894
1.38593
1.69997
1.51323
1.42101
1.60039
1.52767
1.64003
1.56221
1.54125
1.52323
1.45590
1.44677
1.59032
1.85279
2.05342
1.47056
1.75777
1.58293
2.19710
1.60425
1.54449
1.54419
1.84911
1.81336
1.82009
1.68541
1.78877
1.47540
1.46372
1.84306
1.70411
1.51405
1.82580
2.03031
1.93280
1.57937
1.64298
1.98153
2.02487
1.68308
1.64524
1.44419
1.42676
1.66724
1.42946
1.57208
1.64577
1.51298
1.53183
1.44172
1.83518
2.01153
1.76412
1.51791
2.11078
1.67380
2.21743
1.67277
1.65664
1.48455
1.82380
1.63542
1.78707
1.71493
1.65033
1.88172
1.44935
1.68002
1.59724
1.61612
1.86504
1.56225
1.62572
1.60502
1.77214
1.58170
1.63037
1.80420
1.64432
2.09179
1.66923
1.51539
1.59093
1.51750
1.89678
1.64373
1.53605
1.47968
1.45905
1.42747
1.66831
1.44150
1.51021
1.73171
1.49168
1.64503
1.52722
1.55212
1.54322
2.01573
1.69101
2.11686
1.51155
1.42400
1.61903
1.77069
1.49716
1.71126
1.97009
1.83947
1.42379
1.53152
1.77656
1.71649
1.70448
1.60884
1.77920
1.89256
1.66029
1.49590
1.57096
1.41998
2.21489
1.78678
1.76445
1.80107
2.15870
2.05791
1.64779
1.43324
1.62771
1.46358
1.50677
1.53088
1.47385
1.73058
1.90960
1.58334
1.76062
1.64148
1.55942
1.47129
1.53563
1.65583
1.77002
1.49114
2.11548
1.43529
1.53230
1.46293
1.43514
1.42249
1.59793
1.45967
1.63945
1.58484
1.46527
1.59172
1.74694
1.82627
1.90816
1.74652
1.59327
1.44193
1.71420
1.51026
1.68815
1.47557
1.43307
1.75315
1.61258
1.55457
1.80931
1.63002
1.73038
1.59237
1.42532
1.61338
1.46963
1.69208
1.49292
1.68112
1.74578
1.59976
1.53095
1.42948
1.75268
1.58986
1.63667
1.43558
1.46735
1.51624
1.41581
1.82783
1.60132
1.61483
1.62571
1.74377
1.91021
1.83521
1.69206
1.45322
1.51941
1.58012
1.70858
1.45684
1.64353
1.65474
1.49420
2.04602
1.66141
1.52669
1.67089
1.83751
1.55844
1.58687
1.72469
1.56089
1.64854
1.66341
1.61041
1.41445
1.64081
1.42027
1.56235
2.09834
1.64361
1.55199
2.23531
1.59576
2.08439
1.92177
1.63785
1.50768
1.92090
2.01793
1.46017
1.40770
1.60567
1.96798
1.60403
1.98646
2.02863
1.86742
2.01772
1.93270
1.63524
2.04765
1.79925
1.84861
1.58206
1.57279
1.90112
1.44284
1.74898
1.47918
1.54603
1.65712
1.66900
2.36538
1.58000
1.97060
1.61634
1.92687
1.67949
1.60684
1.52116
1.52784
1.51745
1.41667
1.68433
1.70700
1.93393
1.49453
1.57479
1.94036
1.52018
1.60238
1.46878
1.60884
1.75428
1.58064
1.67600
1.48162
1.49094
1.51253
1.41758
1.76001
1.60972
1.66750
1.76458
1.47895
1.77232
1.69698
2.01818
1.51724
1.59524
2.07976
1.78952
1.68330
1.72164
1.49076
1.72798
1.99006
2.04393
2.06307
1.84712
1.59353
2.18542
1.92109
1.66827
2.02860
1.90618
1.57412
1.55480
1.72927
1.68046
1.93602
1.85567
1.44060
1.62479
2.01726
1.63020
1.63115
1.98560
1.70230
1.86330
1.90769
2.01730
1.55054
1.53110
1.79991
1.94834
1.51372
1.53869
1.56466
1.46642
1.80465
1.90996
1.53446
1.79475
1.53073
2.18829
1.74604
1.87501
1.51133
1.75807
1.53250
1.47774
1.78454
1.59643
1.52401
1.70787
1.50406
1.49384
1.49186
1.59856
1.45101
1.67386
1.57473
1.52401
1.47946
1.70877
1.67636
1.64125
1.45011
1.83384
1.49636
1.45292
1.83461
1.50313
1.60595
1.49802
1.41827
1.80963
1.58595
1.55961
1.99082
1.48890
1.48046
1.67537
1.52550
1.48734
1.68398
1.72954
1.62048
1.87411
1.50775
1.58889
1.48088
1.61533
1.47455
1.94938
1.67827
1.51668
2.01903
1.43603
1.72876
1.62263
1.52921
1.62417
1.49917
1.41674
1.62008
1.53044
1.40644
1.54425
1.79917
2.11204
1.60552
2.12918
1.73754
1.72978
2.02442
1.51029
1.82445
1.64111
1.60295
1.49959
1.51445
1.83043
1.75793
1.90736
2.11077
1.76646
1.70532
1.72029
1.61374
1.87289
2.17740
1.65559
1.42254
1.57676
1.42286
1.87618
1.76403
1.63882
1.62187
1.68787
1.49168
1.54354
1.57603
1.49002
1.84796
1.67578
1.59889
1.56275
1.78315
1.82584
1.54884
1.94714
1.54489
1.53183
1.41674
2.02015
1.77209
1.70525
1.83435
1.98423
1.82129
1.51070
1.80389
1.59439
1.56913
2.22810
1.76651
1.53627
1.44880
1.81141
1.46945
1.83826
1.67670
1.92105
1.54749
1.85030
1.56653
2.23557
1.99932
1.50082
1.64427
2.14269
1.69255
1.41557
1.73868
1.71925
1.58061
1.56405
1.56753
1.56532
1.82395
1.68383
1.66522
1.63711
1.58903
1.59908
1.45263
1.63909
1.73853
1.59525
1.65329
1.63925
1.59339
1.62329
1.48585
1.54521
1.67145
1.48617
1.54816
1.52590
1.51402
1.57305
1.44320
1.55875
1.98785
1.96169
1.75898
1.70101
1.75624
1.71042
1.84534
1.48668
1.67253
1.51714
1.52943
1.86662
1.41445
1.47067
1.52932
1.44826
1.68890
1.51925
1.73509
1.55778
1.87185
1.76000
1.52351
1.51468
2.29689
1.51118
1.44102
1.87091
1.57038
1.90945
1.76506
1.99775
1.72009
1.48313
1.51125
1.58428
1.47055
1.71888
1.56385
1.54960
1.61888
1.57738
1.57662
1.60250
1.82797
1.46100
1.59305
1.56066
1.64706
1.96422
1.90813
1.53239
1.66561
1.79895
1.77283
1.62160
1.69160
1.74217
1.87272
1.62647
1.50000
1.45238
1.55405
1.77491
1.66422
1.44914
1.47157
1.47198
1.40931
1.53345
1.65906
2.04046
1.59594
1.69067
1.84668
1.59081
1.57887
1.43856
1.66583
1.73011
1.78715
1.61535
1.78232
1.97251
1.51807
1.69106
2.14133
1.70812
1.62758
1.65665
1.53099
1.52724
1.48307
1.79594
1.78336
1.80545
1.98927
1.49314
1.65391
1.46454
1.61258
2.04357
1.56769
1.67424
1.42768
1.87163
1.53619
1.67361
1.69192
1.94842
1.51540
1.73665
1.69097
1.71319
1.71437
1.43668
1.48131
1.82185
2.07112
1.93457
1.86648
1.42716
1.49210
1.64299
1.75082
1.58230
1.67587
1.64635
2.27796
1.76313
1.45683
1.46949
1.99107
1.64048
1.76575
1.62887
1.99340
1.59626
1.51308
1.78373
1.70845
1.70312
1.51811
2.18387
1.44065
1.96097
1.62064
1.43177
1.59852
2.26796
1.71140
1.65278
1.95180
1.93406
1.78156
1.97950
1.82570
1.83516
1.51631
1.40847
1.54563
1.44979
1.52288
1.64857
1.59447
1.46179
2.10685
1.76562
1.40880
1.82590
1.83010
2.09462
2.28706
1.99725
1.66215
1.42150
1.68102
1.55172
1.78790
1.48989
1.75550
1.83031
1.46570
1.75672
1.64639
1.61351
1.43282
1.61229
1.44475
1.51541
1.61476
1.63193
1.69557
1.83629
1.50497
1.80747
1.43877
1.77916
1.45310
1.68132
1.65774
1.98746
1.51418
1.69150
1.61864
1.54667
1.42165
1.95707
2.03195
1.83881
1.64871
1.48063
1.48046
1.64458
1.83536
1.42690
1.98380
1.63973
1.97879
2.12641
1.77735
2.08922
1.87479
1.78793
1.44931
1.69199
1.54829
1.84131
1.42209
1.66144
1.87149
1.78718
1.39668
1.52385
1.67881
1.42280
1.93754
1.78890
1.64318
1.62702
1.98839
1.58270
1.74243
1.80607
1.77733
1.55220
1.57698
1.93544
1.56371
1.72896
1.96003
1.45526
1.57345
1.97045
2.02777
1.67535
1.79821
1.72134
1.68017
1.61371
1.53436
1.49956
1.55378
1.54292
1.58382
1.88509
1.55929
1.53931
1.55814
1.58316
1.50415
2.21282
1.85124
2.03604
1.77075
1.48270
2.18132
1.51978
1.52692
2.16489
1.45117
1.74533
1.81521
1.68331
2.06423
1.60659
1.50867
1.46307
1.89962
1.86908
1.53164
1.96836
2.06240
1.65717
1.57444
1.73859
1.51313
1.53774
1.59222
1.56718
1.72549
1.62167
1.76987
1.67121
1.77715
1.52985
1.51153
1.93342
1.77827
1.69958
1.53428
1.65512
1.53914
1.77472
1.44807
1.66126
1.40055
1.88387
1.51253
1.74144
2.15881
1.69325
1.58723
1.63548
1.75696
1.80802
2.14572
1.63756
2.10176
1.47508
1.75033
1.54129
1.94178
1.83870
1.79886
1.56108
2.17527
1.99075
