18.47790
18.33634
17.71022
18.66139
17.93003
18.06822
18.59094
17.11779
18.02793
17.01863
18.62272
17.96530
18.34446
18.94915
18.92888
18.15749
17.62090
17.79062
18.59348
17.73029
18.10447
17.28302
18.71642
19.11163
18.23088
17.93879
17.65909
17.70195
18.14067
19.41352
17.18886
18.10645
17.99600
17.55145
18.65886
18.50928
18.37631
18.61440
18.32006
17.42581
19.12043
17.41849
17.77382
17.84314
18.29886
17.94468
18.55745
18.29922
17.04107
18.19166
16.58498
18.41076
18.36307
17.44802
18.69065
17.81586
18.31508
17.96027
18.49183
19.18430
18.71544
18.84231
18.48426
16.97060
18.37864
17.57730
17.22180
18.16655
19.33403
17.57248
18.65542
18.14770
18.13047
18.67475
17.92788
17.78452
17.51604
18.16406
17.14557
17.94395
19.36772
17.00549
18.92426
18.67473
18.02771
18.84750
17.65404
17.11113
18.42984
18.04129
18.77530
18.72292
19.33181
18.68123
17.50147
18.05831
17.43843
17.97085
17.73254
19.18324
17.65668
18.57083
17.72779
17.94617
17.64436
17.93782
19.16350
18.33758
18.44601
18.17266
18.28916
17.86795
18.04445
17.07049
18.17126
18.63896
18.99454
18.38527
19.09485
18.58986
17.48521
18.92565
17.94781
18.24175
19.92885
18.31036
18.43803
18.73820
18.97442
17.40344
18.72597
17.68841
18.52557
16.52677
17.73598
18.43206
17.63508
19.25730
18.74352
17.89406
17.75065
17.95875
18.08882
17.28864
18.47297
17.72174
17.19530
18.86334
17.50631
17.80049
17.95730
17.24393
17.96921
18.36592
18.68680
17.72603
17.77092
17.71527
17.14283
19.11110
18.36265
17.40618
16.64998
18.50963
17.68092
19.96250
18.73960
19.12212
18.28854
17.44730
19.13300
18.11367
17.21282
17.85122
18.56371
17.71300
18.04732
17.68631
19.20061
17.75835
17.78053
17.80063
17.93738
17.80712
18.09000
18.11040
17.29266
19.37181
18.86584
17.91953
16.75786
18.39357
17.15791
18.85830
17.85447
17.60242
18.32331
19.50744
18.17468
16.91618
17.61588
18.61080
18.21873
18.33378
19.13572
17.82117
17.85470
18.10626
18.29177
17.25934
17.85674
17.62431
17.88171
19.29151
19.11198
18.01387
19.06414
18.20004
18.76402
17.95111
18.17611
18.79236
18.23644
18.57365
18.09220
17.94263
17.34942
18.49664
17.95366
18.51565
18.03282
17.89862
17.03599
17.87671
17.52775
18.82683
17.26078
18.02232
18.12416
18.18507
18.00718
18.48486
17.85849
17.60555
18.42513
18.37839
18.90710
18.61527
18.77450
18.21837
17.03343
18.37962
17.76448
17.57729
18.01708
18.50988
18.46506
16.90333
18.49280
18.70875
17.98212
18.32817
18.00981
17.97828
17.98675
17.44432
18.06723
19.39741
18.20938
16.91003
17.56268
18.31616
18.29339
18.59949
17.71883
18.35550
17.74865
18.74870
17.79748
17.02508
17.90283
17.04880
17.62320
17.65226
16.50978
18.38739
18.78991
18.16843
18.01946
17.87380
18.01640
18.11353
18.17581
17.68109
19.08695
18.90753
17.68128
18.07687
17.39975
17.87256
18.50020
17.18695
17.60938
18.87126
17.89107
18.87266
18.40301
17.26663
17.98948
17.62769
18.87703
19.51406
19.64790
17.74657
17.53204
17.75805
18.02692
17.67696
18.56441
17.82693
17.15682
18.53389
18.01105
18.53793
17.81625
18.28405
18.35749
17.31362
17.99554
17.82859
19.05842
17.89234
18.56371
18.47668
17.89835
17.54131
18.13736
18.48608
19.02468
17.55157
17.88368
17.94739
17.75479
18.13728
17.41923
18.10831
17.63196
19.47041
17.46776
18.90109
17.11888
17.12619
18.74211
17.22383
18.14576
18.26751
20.44719
18.09666
18.67700
18.32714
17.61456
18.73861
17.86847
18.16047
17.56749
17.20074
18.46560
17.66257
19.85663
18.57432
17.91531
18.13673
17.19188
18.55067
17.23726
19.09644
17.36061
17.80401
18.04676
17.46128
17.84802
17.45514
17.54710
18.34917
17.53570
18.28601
19.05092
17.35666
18.63495
18.12413
18.40573
17.76649
18.52791
17.95502
18.46338
17.84960
17.81979
18.86436
17.58730
18.18167
18.02721
18.09717
17.76861
18.40330
17.37841
17.44842
17.77489
17.89733
17.39489
18.02660
18.45960
18.91383
17.70137
18.73073
18.02047
17.49928
17.45711
17.45472
18.03978
18.72345
18.08243
17.84651
18.72965
18.21463
17.64361
18.43054
17.27715
17.69234
17.60913
19.02007
18.81644
17.80416
18.50888
18.41535
16.70499
18.19108
18.39589
19.22401
17.11483
17.72207
18.25308
19.32102
17.59871
17.75582
18.47607
18.89713
17.96453
18.22831
18.18596
17.41199
18.85498
18.55366
17.63412
18.88058
18.97772
18.88431
18.13322
18.47913
17.35948
18.43226
17.09523
18.08256
18.11940
18.12779
18.10041
17.41882
17.57860
17.83690
18.57664
18.01083
17.98256
17.31015
18.12704
18.78580
19.02822
19.22138
18.49917
17.18978
17.30748
16.86234
16.96973
19.03110
19.03327
18.15063
17.92310
17.96580
18.38304
19.06596
18.83048
17.61126
17.54288
18.55324
17.33236
18.76729
17.68592
17.58615
18.35419
17.73177
18.53819
18.18661
