1.54571
1.65189
1.61753
1.66556
1.58863
1.50076
1.61266
1.67114
1.55166
1.62281
1.63016
1.61854
1.52767
1.66217
1.46719
1.65168
1.57815
1.67894
1.65170
1.78480
1.67411
1.63744
1.78219
1.70161
1.84707
1.66827
2.07380
1.83480
1.68623
1.71999
1.72497
1.61306
1.92412
1.92085
1.65870
1.93385
1.89079
1.68361
1.81378
1.82938
1.90467
1.77033
1.64698
1.80949
1.69293
1.72752
2.00782
1.89098
2.05226
1.68381
2.14976
1.73633
1.64641
1.97604
1.83225
1.64074
2.04134
1.75267
1.83817
1.88913
1.68102
1.87403
1.65153
1.75165
1.74821
1.85005
1.85413
1.61947
1.80132
1.81343
1.80084
1.70254
1.81192
1.61452
1.78426
1.94158
1.75006
1.66355
1.65753
1.87974
1.87614
1.99283
1.72138
1.66176
1.76428
1.63586
1.63633
2.05522
1.90153
1.84401
1.82759
1.75928
1.93212
1.53785
2.07539
1.57822
2.04172
1.81720
1.72659
1.97417
1.97503
1.71878
1.81002
1.90547
2.06397
1.69714
1.81571
1.82369
2.00795
2.09591
2.07822
1.79222
1.94821
2.32730
1.73067
1.75021
1.85476
1.81369
1.90665
1.84858
1.79164
2.32071
1.77286
1.84939
1.81298
1.67990
1.90334
2.06347
1.84027
1.65063
1.94112
1.98817
1.80087
1.85413
1.89397
1.80794
1.87621
1.91337
1.90564
1.62395
1.76014
1.96213
1.60245
1.81123
1.93483
1.98400
1.70177
1.75989
1.86136
1.75799
2.08305
1.80422
2.20766
2.08252
1.73611
1.91766
1.89792
1.66567
1.84700
2.04847
2.06135
1.77348
2.03081
1.85952
1.87798
1.80676
1.74286
1.99216
1.80986
2.02609
1.89924
1.72488
1.73285
1.97612
1.88970
2.01189
1.85483
1.65616
1.80895
2.22199
1.87214
1.69404
1.79289
1.84260
1.81224
1.69501
1.73897
1.90675
1.89671
1.78362
1.69295
1.57390
1.71818
1.95028
1.96081
1.82081
1.91318
2.07481
1.68103
1.81658
2.10724
1.80456
1.76959
1.90717
2.04012
2.08834
1.71685
1.92998
1.74794
1.76467
2.01446
1.75287
1.81246
2.12706
2.00565
1.87925
2.03375
2.14825
1.61942
1.62607
1.68940
1.81342
1.96858
1.86320
1.93263
2.04826
1.82297
1.66030
1.72498
1.87756
1.87771
1.98438
1.86197
1.90402
1.99067
1.54281
1.68926
1.68615
1.86056
1.72998
2.08819
1.76427
1.81610
1.97386
1.82244
1.65592
2.06132
2.00089
1.76931
1.79168
1.55891
2.00203
1.83459
1.83555
2.01890
1.84443
1.90622
1.83633
1.83579
1.87897
2.00339
2.21807
1.82167
1.76590
2.11210
2.05908
2.12862
1.91120
1.90589
2.04734
1.77897
1.77839
2.01253
1.94180
2.03741
1.80913
1.70911
2.23202
1.95188
1.83901
1.92234
1.88220
1.68416
2.23321
1.68203
2.13553
1.73522
2.03130
1.90626
1.71635
1.85634
1.97071
1.80874
1.93542
1.84774
1.82379
2.00891
1.84342
1.78215
1.69076
1.87624
1.81244
1.88521
1.95850
1.93154
2.00660
1.73984
1.80806
1.71913
1.80999
2.30616
1.78496
1.86969
1.76632
1.99940
1.85361
1.69779
1.77704
1.90859
2.13223
1.90691
1.85295
2.02799
1.82254
1.69880
1.79321
1.83861
2.15892
2.18068
1.58455
2.01997
1.97003
1.77144
2.08163
2.15787
1.65816
1.96674
2.14040
1.70742
1.97834
2.15320
1.67916
1.80902
2.11413
1.84442
1.82908
2.07803
2.02825
1.83951
2.07627
1.74467
1.79559
1.98285
1.70204
1.82261
1.82264
2.37429
1.58432
2.14554
2.00399
1.82159
1.82408
1.99307
1.93944
1.84585
1.70227
1.85260
1.92477
1.67043
1.93516
1.68362
2.03731
1.84848
1.87360
2.34333
1.98310
1.81670
2.04812
2.02233
2.02614
1.96543
1.83687
2.30080
1.73110
2.12466
2.00118
1.89647
2.10539
1.96616
1.99216
1.86018
1.91867
1.82015
2.06394
1.90066
1.95068
1.85477
2.15095
1.93761
1.95751
1.79736
1.91070
1.90237
2.27970
1.83065
1.87533
1.64596
2.14098
1.75551
1.78287
1.84729
1.91272
1.84327
1.82196
1.71747
2.14533
1.72031
1.80357
1.91341
1.99044
1.89686
1.81541
1.79183
1.70504
1.79336
1.90935
1.81434
2.11367
1.79309
1.71538
2.00806
1.84456
2.44085
1.85091
1.77242
1.78562
1.73556
2.08738
1.62184
2.13545
1.76485
2.07842
1.69660
2.02431
2.07121
2.10857
1.93074
1.75588
1.92975
1.78980
2.17147
1.92839
1.73454
2.04313
1.88145
2.03638
1.77141
1.99693
1.77277
2.09701
1.73407
1.73394
1.86511
1.87889
2.02388
1.73375
1.75972
1.83685
2.10087
2.17558
1.64638
1.78494
1.98174
1.67221
1.75669
1.97574
2.15718
1.75187
1.77787
1.75266
1.70102
2.06355
1.80184
1.92316
1.75350
1.84976
1.92238
2.28856
2.05965
1.75674
1.93646
1.67312
1.93217
1.95541
1.98799
1.79231
1.79079
1.98641
1.92163
1.91052
