17.02847
14.91125
16.84986
12.00896
17.58508
18.28363
15.66837
15.29691
16.77996
17.02219
17.12638
16.59210
16.05527
16.97780
18.18394
17.71354
19.11691
20.38778
15.73812
18.10384
19.12855
18.69607
17.40510
14.96824
15.04800
20.30547
18.62056
16.56475
16.91238
15.13582
17.61098
16.78623
18.35548
15.96472
16.14401
15.15544
19.33603
15.81600
18.88382
14.28420
13.34778
17.36021
20.93711
14.30402
17.30931
15.85540
15.83841
17.50705
16.88724
16.16761
17.08075
17.06929
15.70077
18.81359
18.97767
20.31229
14.96948
19.06786
17.21582
17.48828
15.48333
16.20348
15.56126
17.19381
16.16906
19.07490
15.95800
17.98368
15.75779
17.46982
17.65785
15.10691
17.13639
18.00764
12.55643
20.75365
15.97029
16.68840
15.41637
16.62672
17.20975
17.72039
17.71584
20.32611
16.37293
15.94874
17.17022
16.79968
15.94643
19.61077
18.31703
15.13448
16.05321
17.57875
19.55151
17.98493
15.27274
16.03588
16.24969
16.15526
16.33291
18.23090
19.37895
17.14500
18.88822
16.85082
15.59397
17.06833
16.89511
17.02947
18.70959
18.22107
17.96318
17.31112
19.72086
14.72321
15.64357
16.52285
18.42999
18.05053
16.48023
20.39793
17.23502
16.14694
15.70445
13.47723
16.51036
16.60431
17.25349
17.70285
18.66293
16.90281
14.88992
15.98572
20.07978
16.72789
19.13805
16.28332
18.09210
17.07081
19.60277
15.55019
16.99672
13.90534
15.23052
17.74384
17.58249
17.84628
17.21179
18.15154
16.32780
16.42037
17.66472
17.54822
16.81084
16.57617
18.47996
16.26159
17.18721
16.45643
20.11095
15.19603
15.26546
17.98314
17.68538
16.49455
17.46417
14.26849
17.32391
20.90584
17.45455
16.42893
17.00411
15.15113
15.66921
15.21651
13.96945
17.74678
15.99797
15.31289
18.22786
17.38323
17.66164
17.45115
18.85777
17.61430
16.79973
16.75976
17.27468
17.15327
17.52850
16.56787
13.99284
16.22937
15.82113
17.26140
15.93264
15.94092
16.91614
15.72286
16.21391
18.07837
15.59550
15.51549
15.53608
15.33888
17.55479
15.93257
20.41767
14.83123
15.99251
15.61842
15.71956
15.94308
17.63543
16.91253
16.70064
19.89988
16.43291
17.20691
17.07534
15.90746
17.71053
16.78443
15.91329
17.28300
17.06323
17.18663
15.89106
18.33058
18.21965
20.27609
17.60975
16.62313
15.81433
18.83134
16.16039
18.79261
16.23898
16.74045
16.72038
15.82079
18.29345
16.26730
18.58007
16.93723
17.93559
17.01389
17.04934
15.40422
17.92692
15.90434
14.72442
18.86814
17.12045
16.93533
17.11425
14.62684
16.48827
19.30173
16.86600
16.83625
17.65191
15.89245
17.89344
16.52864
14.00194
15.15252
17.19176
18.00905
19.43221
13.11995
16.55595
17.15063
15.72733
14.64083
13.92157
17.48193
15.39413
15.18714
20.59472
18.54547
16.64250
13.73895
13.05208
20.34524
16.16820
15.48562
14.99676
16.11503
16.26435
18.19176
20.03941
15.07992
17.28892
16.27188
17.08366
17.45613
18.34077
16.98566
14.86207
18.03038
16.78768
16.09829
16.59730
16.49158
16.40182
17.11497
21.49598
16.68081
18.00438
15.58738
15.17975
15.45988
19.12077
17.29411
14.78800
20.82261
16.48622
16.30900
16.33668
12.93588
15.56373
16.49281
17.09516
18.55744
16.90490
19.35386
18.50748
14.77047
16.22558
15.44563
17.30270
16.95414
19.58733
17.16502
15.65505
15.93833
15.58895
17.79213
16.52798
16.95560
15.55292
16.21142
16.53205
20.04654
16.58794
18.75809
17.12141
17.03057
16.27732
16.68260
17.77722
15.94395
18.00436
18.14785
16.47037
16.09669
16.91488
14.64385
15.42462
14.74402
18.41621
18.49148
14.18288
18.74033
19.24445
15.24071
16.14073
16.13619
19.99820
17.03957
19.53110
17.22868
15.55851
14.61793
15.88269
16.75082
16.85549
15.45802
16.79977
17.37679
15.08053
16.56382
18.91443
19.26389
16.82557
16.70983
16.82894
16.02356
17.22919
14.39443
16.96681
21.04345
16.92268
16.46532
18.77600
17.76525
16.63118
17.91040
16.98262
16.32414
16.17980
17.22132
18.14039
17.43885
17.46222
18.31062
17.13771
21.34426
15.69179
18.89236
17.30025
16.41797
16.72390
16.63108
19.82999
16.83993
16.70463
17.81997
16.42638
15.53898
18.39632
18.07487
18.01205
15.56504
13.72940
15.74593
17.57274
17.86524
17.11526
15.70496
16.29257
17.82034
16.99122
17.15835
20.67756
16.45058
16.22827
15.26013
16.96188
15.59501
16.51833
19.80688
17.81009
18.26629
16.92892
15.60802
17.46104
16.89516
15.95368
15.99415
17.73858
14.79503
15.52903
18.16549
19.23682
14.63063
16.23470
15.76614
16.10407
16.88346
16.97675
17.98493
15.21327
18.12534
18.59952
17.01587
16.19978
20.16787
19.96739
16.14712
17.15911
16.08990
16.82748
19.04132
17.01116
15.67574
15.64700
15.38144
14.22502
16.20395
16.72364
17.60277
11.96845
16.64986
18.05308
17.17095
15.54254
15.46781
15.12641
19.38101
17.30258
17.69948
16.32649
17.42543
17.59885
14.67099
19.22156
17.65485
17.49207
17.30936
16.04120
13.65333
15.98663
17.41837
16.94857
18.48297
16.46637
16.90108
21.18205
17.23981
18.42506
16.46423
14.83023
15.36355
17.41973
16.71176
14.59727
17.19737
17.32802
16.23901
16.84036
15.91401
17.51697
14.62442
17.59385
17.52080
13.85013
18.56736
16.87214
14.38894
15.64077
16.78891
15.66191
20.51515
20.22398
18.54106
16.20788
16.89669
16.97036
14.37038
17.47009
16.69415
15.59984
13.81230
17.72840
18.58561
16.09701
16.58512
17.12587
15.59144
16.82697
16.85784
17.66674
17.56894
18.53025
15.81471
17.54552
16.66418
21.51947
18.20624
18.65672
17.06690
16.18985
15.28494
15.94978
14.47951
17.62148
17.40312
15.87676
13.70587
17.25599
17.40853
11.43406
18.41837
17.03089
16.94823
14.81875
16.47473
18.01194
17.32321
18.07326
16.57423
16.90702
15.28727
15.79491
17.36361
16.98814
20.57125
19.72760
16.84125
18.76472
16.04781
17.37935
15.78959
19.86848
18.38173
21.01316
17.36809
17.80444
17.03800
16.27145
18.64977
16.22347
17.11023
16.62397
17.44126
18.71150
16.35880
17.28987
19.12770
15.44013
19.95110
16.52860
17.07001
15.58272
15.67578
15.15054
17.41975
16.28595
16.62904
18.26398
14.71341
16.94687
16.65351
17.38831
17.70239
16.13774
15.82971
17.01584
18.53528
19.72676
15.32636
17.00322
18.08931
13.96354
15.37853
17.48212
16.28976
17.20600
19.44224
17.41861
15.77641
16.53979
14.39953
16.51360
16.79626
17.02441
18.15762
19.34299
15.95636
16.20633
16.04414
16.01210
16.43631
16.75470
16.68308
16.71483
18.09739
15.53351
14.18180
16.11186
15.75293
17.88337
15.46059
17.04024
15.53750
19.17969
16.57287
16.01634
14.37015
16.52798
19.59606
15.19442
16.31331
16.61153
18.62476
20.28363
15.20953
14.42535
16.73537
16.21585
18.22791
15.76939
14.86033
19.92621
17.49413
15.76060
17.09492
16.68317
16.88179
17.74978
16.89148
16.69101
17.50568
17.63796
16.23286
16.42970
15.41482
18.21758
14.43083
16.11398
17.09354
17.61381
17.19449
17.83267
15.14666
17.04221
18.36843
16.56785
15.22198
16.65744
16.86563
16.89702
18.85488
16.18806
15.73099
15.09057
16.21853
20.43819
15.42008
17.33142
17.30632
13.92376
17.59314
16.64810
14.65495
19.38835
12.77572
13.08978
16.73818
15.97884
19.27885
19.01242
19.61436
13.84924
15.08616
17.86966
15.69271
15.59496
16.99023
17.88020
17.12133
13.35213
17.08887
17.42792
16.02968
16.24281
19.35210
18.16694
17.52032
16.63676
17.70829
17.76122
16.34922
16.65380
15.42338
15.94784
15.95031
16.74732
15.94485
17.88222
18.27158
16.86575
14.28605
13.78801
15.56273
17.89093
18.70608
17.35272
18.51228
16.53476
14.98511
18.65688
19.10361
18.35735
15.69314
15.35969
16.49191
17.23331
17.63513
16.72699
18.38526
16.27730
16.66211
16.12904
17.90101
14.54713
17.32154
17.01438
16.44263
17.76719
17.33914
19.87706
15.87718
17.48006
17.18751
15.03569
16.69833
15.49486
15.15886
18.19425
19.43917
16.06512
16.30823
17.81740
18.42718
20.43159
17.71416
17.20953
12.65383
16.79200
16.90315
16.94856
17.64324
17.42477
16.24212
17.65472
15.61339
17.12354
19.32185
17.78214
18.41405
16.81480
16.63274
17.12165
12.76771
21.51126
16.92653
18.22426
15.85115
17.83652
19.26604
14.01213
17.74631
17.22030
14.81522
18.70890
16.02238
14.90714
17.83512
13.27631
16.86410
16.77274
16.23815
17.66946
15.17748
16.38370
19.18187
16.67332
14.85595
19.26861
16.29057
18.29072
14.35432
16.05772
21.66343
15.82443
16.54996
17.12119
19.39504
16.35605
17.44594
14.98683
14.97544
20.12320
16.21732
18.39473
15.96046
17.11680
16.23664
15.97573
17.31260
18.90485
18.24212
16.88624
21.05309
18.48194
17.40775
19.49482
16.98823
19.58479
16.84851
14.83069
16.20126
18.18176
15.38552
19.60922
16.24938
17.46232
15.37743
20.48739
16.97417
19.63002
16.48899
16.48640
18.47677
18.58611
17.48783
15.11179
16.98276
19.47215
14.68541
13.23359
18.67020
16.27897
19.66852
16.84717
19.03535
17.20292
16.78335
15.02173
16.04576
16.84877
15.93053
18.50517
17.32775
17.57747
19.28968
13.73495
15.75929
15.92341
15.92594
16.38998
19.77774
15.46416
16.60914
18.75859
17.45399
17.68941
17.86751
16.41319
17.67059
16.77869
15.62134
16.48792
16.66046
17.92665
20.83294
17.12186
15.56655
15.91385
18.82915
17.53996
16.60900
17.47584
17.93808
17.24770
15.78040
12.59804
16.70131
15.93657
16.93505
18.50570
17.40901
17.03153
18.76900
13.16704
17.94887
17.96253
16.79478
15.92911
16.50550
14.62480
17.91878
17.84741
17.12212
14.98827
15.72729
18.08500
15.77457
17.64048
16.58287
16.11293
14.66436
16.21578
17.45707
19.14207
13.06465
13.47017
18.94785
20.42391
16.90928
19.13493
18.48846
17.56801
16.80916
13.90463
18.35380
19.16012
18.59426
17.79321
15.64469
17.47883
19.36741
14.64509
17.59181
17.71078
17.79869
16.50137
16.76884
17.44063
17.96249
16.47246
17.90604
17.33246
17.84664
17.15403
16.14168
17.07468
16.83133
16.01629
18.63974
15.49108
18.07586
15.79693
17.16051
18.74609
16.66773
15.15516
18.61496
15.81979
14.91337
16.27247
17.63854
18.03968
12.18183
20.54068
15.71205
17.87448
17.41328
20.33856
15.23151
16.88524
17.72004
16.46416
16.18892
19.54298
16.76262
16.64568
17.70234
17.08784
19.46460
15.06478
16.78602
17.64441
16.35858
16.36415
19.91696
21.44143
16.49584
15.39070
16.66372
17.74933
15.61696
15.88547
19.68316
18.88426
14.57189
18.76315
16.31473
16.54977
17.63046
16.66104
16.30691
15.83698
17.76637
19.13398
15.21553
20.10177
16.84748
17.05038
16.33214
17.06730
17.17171
15.57777
16.96694
17.90331
17.23335
17.77702
16.21317
19.51513
18.37967
15.85421
18.57083
17.62538
15.92140
17.38432
17.00473
16.03055
20.05157
17.51313
17.10129
14.45343
18.12716
16.73818
18.38546
21.14172
15.71454
15.85840
12.51085
15.22947
16.61948
16.41414
17.31289
15.51158
17.17437
14.64474
17.73142
13.05527
20.72896
17.19795
17.55854
15.27451
16.59398
16.50863
20.09877
15.84658
17.54921
16.77732
15.69718
18.15495
17.72105
16.85045
15.85001
14.92937
16.96644
13.93727
16.94876
17.78049
17.56515
17.22739
15.42690
19.34021
17.68531
15.47413
19.41104
13.72322
16.87770
16.08244
18.48431
16.12788
17.06198
16.43021
16.04033
18.05722
12.82106
18.29614
18.26588
17.00177
15.77812
16.46136
14.82783
15.60667
13.14020
15.65742
18.22518
17.99556
15.51983
16.06606
16.16227
20.38030
17.30303
17.48120
19.98260
16.46897
17.99047
17.98422
15.09736
18.13111
16.44291
18.22587
18.58071
15.39664
17.64821
15.24820
17.16665
18.58522
17.82409
15.71141
18.26740
16.86112
14.85398
17.52086
15.75825
16.22573
17.36634
20.91831
16.06909
17.54380
16.77603
16.42332
15.33377
17.24859
15.29263
20.39768
18.08899
17.97278
17.73077
16.42422
16.53017
16.62364
18.03164
15.86931
17.84121
20.64154
18.04180
15.13885
20.03276
16.44488
17.80784
17.99146
17.70212
18.35855
20.10389
19.29818
14.22165
17.96036
20.22671
16.03174
15.80310
19.52003
17.43189
17.65794
14.81679
18.07792
16.54519
16.99769
15.58779
17.20668
16.82721
17.63796
15.29224
16.54372
16.11138
17.57244
15.60391
17.43245
16.79515
20.49738
17.65055
19.41260
18.73094
17.20545
17.44707
16.34198
17.48629
16.38963
13.89670
15.39100
17.11443
18.69416
17.73389
17.82455
12.30036
17.66143
15.65063
17.31841
18.70365
19.63588
16.42335
17.93081
15.31883
15.27950
18.36547
16.28636
17.88686
15.57063
18.39879
20.98616
17.90673
14.62628
17.76309
17.04220
18.66341
16.33341
13.07862
18.03465
16.60638
18.24809
17.24459
15.03198
13.99710
15.30128
18.25298
17.23809
15.34395
17.15330
15.57337
16.74807
17.66469
15.13616
14.44253
17.25057
18.53876
15.98373
16.10181
12.14724
17.09743
17.06797
17.50488
16.66311
18.70078
17.32181
17.26307
16.59903
16.35258
16.43095
13.51653
16.78508
17.16382
16.52349
17.02377
17.83457
15.94544
18.56890
17.73457
15.88263
13.95955
14.72750
15.10264
15.08696
15.57209
17.57997
15.43266
18.30109
15.13001
14.77667
15.14314
16.54052
14.16784
17.79724
14.42518
17.23222
16.97876
17.89429
16.09327
16.26808
17.32330
17.77366
20.34008
17.08655
16.80249
17.34457
16.40093
16.98008
13.97143
17.56747
15.01535
15.67664
18.60869
21.14831
17.47806
14.94427
17.88683
15.45680
16.94433
20.17323
16.54379
16.81339
20.91788
17.11836
16.91202
16.49823
16.77398
17.33059
17.21213
15.10544
16.71935
15.71641
17.63125
14.65091
17.25436
16.05024
15.33882
18.15631
15.96115
18.08913
18.30158
19.98450
14.94574
16.28124
18.59409
16.32662
17.37879
16.62566
13.70239
15.79692
15.67425
17.07267
17.30762
17.20776
15.43460
18.67454
17.11676
16.19957
17.47489
16.97913
15.47470
17.12362
14.51736
16.78099
15.48310
16.26588
17.73012
15.99497
16.59316
17.26762
17.06007
16.10274
16.28837
17.43511
20.71467
17.82968
17.89458
16.63386
17.08711
16.26410
18.51608
19.77528
15.76062
16.24026
17.75973
16.40388
